2 0.5 
3 1.73205080757 
4 3.67423461417 
5 6.47469149469
6 9.98528137424
7 14.4529774142
8 19.6752878612
9 25.7599865313
10 32.7169494601
11 40.5964505082
12 49.1652530576
13 58.8532306117
14 69.3063632966
15 80.6702441143
16 92.9116553025
17 106.050404829
18 120.084467447
19 135.089467557
20 150.881568334
21 167.641622399
22 185.287536149
23 203.930190663
24 223.347074052
25 243.812760299
26 265.133326317
27 287.302615033
28 310.491542358
29 334.63443992 
30 359.603945904
