0.909973344659 -0.414666748138 
0.559933774247 -0.828537366965 
0.786638482797 0.617413878514 
-0.864009408548 -0.503475661717 
0.762433966035 -0.647066030198 
0.993295340568 0.115604352885 
-0.224009745961 -0.974586904137 
-0.47765061737 -0.878549877768 
-0.484821043131 -0.256916603379 
0.988069436347 -0.154009054789 
0.0880628475548 0.996114920519 
-0.844223234538 0.535991725931 
-0.695192185644 -0.718823917952 
-0.958100356687 0.286432725986 
0.464951378145 -0.291392846346 
-0.968411983309 -0.249355630744 
0.354593610996 0.935020519048 
-0.186447778823 0.982464872538 
-0.443170046226 0.896437566218 
0.925140086469 0.379625895334 
0.318167067949 -0.948034660164 
-0.666942254182 0.745109407797 
-0.0199215680661 -0.548343420583 
-0.464927957788 0.291362315231 
0.0198195315514 0.548333326139 
-0.999811275775 0.0194271159366 
0.0500475027524 -0.998746838527 
4.9115466715e-05 -2.27469177127e-05 
0.484799433681 0.257004939416 
0.591664098381 0.806184590951 
