0.288439745421 0.120676845781 
-0.288443296101 -0.12068102611 
0.661007978197 0.75037887281 
0.297641192479 0.954677809808 
-0.111893861505 0.993720163707 
-0.50049163738 0.865741370683 
-0.805927423185 0.59201434827 
-0.976747284216 0.214393896312 
-0.978407017104 -0.206687466677 
-0.804459433951 -0.59400759181 
-0.489329164433 -0.872099173738 
-0.0944020765275 -0.995534152075 
0.312883048498 -0.949791660293 
0.667141937682 -0.744930624277 
0.910803768154 -0.412839552267 
0.999988539048 -0.00478766870951 
0.912195297471 0.409755706821 
