0.135810628632 0.0562709312856 
-0.135833777099 -0.0562481669499 
-0.00226233106608 0.417062221991 
-0.293289950617 0.296511513929 
-0.456734942644 0.00635557892617 
-0.318409519893 -0.327441986569 
0.00228738228656 -0.41706814461 
0.293312091857 -0.296524806911 
0.456685733492 -0.00636376765096 
0.318482673193 0.327438096781 
-0.529673708253 -0.534676318568 
-0.272031616863 -0.676265242142 
0.00427746875381 -0.739626866228 
0.277452823094 -0.669858838693 
0.519967382392 -0.526045902673 
0.670527408314 -0.285856855537 
0.752599818511 -0.00358564612018 
0.673908635201 0.279163763179 
0.529644235298 0.53480143765 
0.271969586874 0.676263633416 
-0.00429334184784 0.739623650422 
-0.277479102206 0.669865831267 
-0.51995994612 0.526002984024 
-0.670521618522 0.285858946528 
-0.752685918959 0.00359908602901 
-0.673910952912 -0.279121037777 
-0.791732676916 -0.610867717516 
-0.693171229997 -0.720772950314 
-0.579901591602 -0.814686531162 
-0.455594735619 -0.890187304378 
-0.321166572587 -0.947022720241 
-0.180531916516 -0.983569126762 
-0.0356037096182 -0.999365986944 
0.110833906198 -0.993838943309 
0.253520365688 -0.96733004925 
0.391087459516 -0.920353518497 
0.520310137818 -0.853977377033 
0.638538484851 -0.769589892972 
0.744211589841 -0.667943941919 
0.833318366221 -0.5527933615 
0.904677490058 -0.426096983071 
0.957052402096 -0.289914986921 
0.988990878748 -0.147976490545 
0.999999553155 -0.000945352127347 
0.989283130384 0.146009889861 
0.957611266832 0.288063641643 
0.905427842761 0.424500202065 
0.8341787248 0.551494202229 
0.744701338672 0.667397869475 
0.638010694108 0.770027502238 
0.519121343143 0.85470055054 
0.389460322403 0.921043243976 
0.251420296054 0.967878006121 
0.108576811241 0.994088062528 
-0.0378377212295 0.999283897024 
-0.182761972294 0.983157190628 
-0.323052862369 0.946380921255 
-0.457004155316 0.889464559172 
-0.580830234879 0.814024715995 
-0.693192194749 0.720752787812 
-0.790974677793 0.611848885829 
-0.871235467065 0.490865318522 
-0.933375689081 0.358900854043 
-0.975589957078 0.219600172242 
-0.99718442427 0.0749881590181 
-0.997325812671 -0.0730836738325 
-0.976020836146 -0.217677117331 
-0.934026621191 -0.35720340271 
-0.872054719173 -0.489408384449 
