0.377539459843 0.104453039843 
0.0983059271044 0.379147841033 
-0.279176994991 0.274680555859 
-0.377467583736 -0.104444233938 
-0.0982872883545 -0.379155789887 
0.279236749598 -0.274726246047 
-0.705004279947 0.00126246335212 
-0.604245597986 -0.3632368302 
-0.35370645836 -0.609830188956 
0.0124239918049 -0.704893197347 
0.351299485438 -0.611200738538 
0.616720778071 -0.341544876348 
0.704971254864 -0.0011862621842 
0.604053117089 0.36347129072 
0.353401882551 0.610020516045 
-0.0127733075731 0.704878308071 
-0.351567121507 0.611098825993 
-0.616775739443 0.341518840501 
-0.996375486124 0.0850640385318 
-0.996313608033 -0.0857857473435 
-0.967681720467 -0.25217471696 
-0.911611341404 -0.411053235267 
-0.828408838321 -0.560123911819 
-0.721791219015 -0.692110855394 
-0.594891365552 -0.803806110447 
-0.449414116875 -0.893323542483 
-0.292344966184 -0.956312930346 
-0.127887060389 -0.991788737476 
0.0424007420318 -0.999100684153 
0.211046096689 -0.977476109719 
0.372522891703 -0.928023003571 
0.524874186043 -0.851179821674 
0.661211212394 -0.750199795125 
0.777539146586 -0.628834537479 
0.87285003053 -0.487988549254 
0.943018611158 -0.33273998709 
0.985553363627 -0.169365189587 
0.999999932362 0.00036780011208 
0.985472033406 0.169837779584 
0.943094169723 0.332525768979 
0.873321966487 0.487143452025 
0.77777761445 0.628539563162 
0.660911392263 0.750463944222 
0.524243137681 0.851568630584 
0.371990502249 0.928236535715 
0.211099489096 0.977464580281 
0.0432827854614 0.999062861127 
-0.127385974078 0.991853221807 
-0.292657934812 0.956217199799 
-0.450080133128 0.892988171122 
-0.595424703439 0.803411116761 
-0.721866757704 0.692032068709 
-0.827986339669 0.560748269121 
-0.911354631067 0.411622079623 
-0.967741563515 0.2519449667 
5.83273625785e-05 -1.73532305878e-05 
