0.190436795382 0.0682313481299 
-0.190436795382 -0.0682313481299 
0.0202443053448 0.581221121307 
-0.384648165037 0.436195506408 
-0.61460342006 0.0439579575416 
-0.446950055545 -0.424167661015 
-0.0202443053448 -0.581221121307 
0.384648165037 -0.436195506408 
0.61460342006 -0.0439579575416 
0.446950055545 0.424167661015 
-0.625958007171 0.779856764578 
-0.783702362132 0.621136545044 
-0.901640761671 0.43248576496 
-0.975252005315 0.22109619203 
-0.999989452576 -0.00459290068643 
-0.973632741812 -0.228121204785 
-0.898984524607 -0.437980392845 
-0.778306458977 -0.627884588054 
-0.616593439726 -0.787281734887 
-0.425969356536 -0.904737590294 
-0.215398917274 -0.976526142219 
0.00712732823738 -0.999974600274 
0.228617530523 -0.973516319708 
0.43754563719 -0.899196205161 
0.625958007171 -0.779856764578 
0.783702362132 -0.621136545044 
0.901640761671 -0.43248576496 
0.975252005315 -0.22109619203 
0.999989452576 0.00459290068643 
0.973632741812 0.228121204785 
0.898984524607 0.437980392845 
0.778306458977 0.627884588054 
0.616593439726 0.787281734887 
0.425969356536 0.904737590294 
0.215398917274 0.976526142219 
-0.00712732823738 0.999974600274 
-0.228617530523 0.973516319708 
-0.43754563719 0.899196205161 
